Object: Question number

1&3:    2.2,  2.3,  7.3,  8.1
2&4:    1.2,  1.4,  7.1,  8.4
5&7:    3.3,  4.1,  6.2,  6.3
6&8:    3.1,  4.4,  5.2,  5.4
9&11:   10.2, 10.3, 16.4, 19.1, 20.4
10&12:  9.1,  9.3,  15.1
13&15:  12.3, 14.2, 14.3, 19.3, 20.1
14&16:  13.1, 13.3
17&19:  11.1, 12.1, 15.3, 16.1, 18.2, 18.3
18&20:  11.3, 17.2, 17.4


Question: Object (first number)

1:  1,  2,  1,  2
2:  2,  1,  1,  2
3:  6,  3,  5,  3
4:  5,  4,  4,  6
5:  5,  6,  5,  6
6:  6,  5,  5,  6
7:  2,  7,  1,  7
8:  1,  8,  8,  2
9:  10, 9,  10, 9
10: 10, 9,  9,  10
11: 17, 11, 18, 11
12: 17, 12, 13, 12
13: 14, 13, 14, 13
14: 14, 13, 13, 14
15: 10, 15, 17, 15
16: 17, 16, 16, 9
17: 17, 18, 17, 18
18: 18, 17, 17, 18
19: 9,  19, 13, 19
20: 13, 20, 20, 9

exact matches:
